0.001953125
0.01171875
0.0126953125
0.0126953125
0.0126953125
0.0126953125
0.0126953125
0.0126953125
0.0107421875
0.001953125
0.0
0.0
0.0
0.0
0.0
0.0
0.0
0.0
0.0
0.0
2.5132741228718345
0.0025474359253415
0.011736440071643
0.013389539624692
0.013254442767146
0.013348358349302
0.013361738782398
0.013250352843396
0.013406786521423
0.011857501519331
0.0024400363741997
3.8158438739388e-05
2.4301230869462e-05
6.709054865136e-06
-3.2881461550535e-06
-2.5511123867454e-06
-3.5429983022071e-05
-1.1114255640701e-05
4.0125729709251e-05
-1.223959532489e-05
8.0406858501939e-05
