0.0
0.001953125
0.001953125
0.0029296875
0.001953125
0.001953125
0.0029296875
0.001953125
0.001953125
0.0
0.0
0.0
0.0
0.0
0.0
0.0
0.0
0.0
0.0
0.0
0.4398229715025711
0.0003942847298801
0.0021466750171609
0.0025608714395634
0.0024720535663748
0.0024855675947723
0.002521236637233
0.0025657389083416
0.0025082048541315
0.002132472238485
0.0005196620927498
6.5468717672523e-05
1.9907317594062e-05
-1.3180227302946e-05
-2.9230121201325e-05
-2.8610542380658e-05
-9.4813736399032e-05
-5.5137149775322e-05
3.3478271799874e-05
-6.5199764411902e-05
0.0001420635832017
