-0.001953125
-0.009765625
-0.01171875
-0.0107421875
-0.01171875
-0.01171875
-0.0107421875
-0.01171875
-0.009765625
-0.001953125
0.0
0.0
0.0
0.0
0.0
0.0
0.0
0.0
0.0
0.0
-2.13628300444106
-0.0020119582442226
-0.010091242897892
-0.011872285870145
-0.011781769421624
-0.011867686907382
-0.01186301690958
-0.011723973697711
-0.01192152192096
-0.010241788801727
-0.0017702871422441
3.1483817166836e-05
1.4687392793468e-05
3.110852585458e-06
-9.8797334544771e-07
1.9401793404432e-06
-2.7145336403724e-05
-8.5153401871033e-06
3.16160653613e-05
-1.793921944415e-05
6.8339266863435e-05
