-0.0009765625
-0.0048828125
-0.005859375
-0.005859375
-0.005859375
-0.005859375
-0.005859375
-0.005859375
-0.0048828125
-0.0009765625
0.0
0.0
0.0
0.0
0.0
0.0
0.0
0.0
0.0
0.0
-1.319468914507713
-0.0010683648474742
-0.0058126521878239
-0.0071120261727977
-0.0070886212698357
-0.0071390649339279
-0.0071191751486278
-0.0070116338325769
-0.0071644802563138
-0.005897868423301
-0.0008997228199746
4.1821195244656e-05
1.3602708912639e-05
-2.8632182849907e-06
-8.7001248495115e-06
-5.9048015076349e-06
-4.8134950317931e-05
-2.4589792986332e-05
2.8352547061628e-05
-3.970123060853e-05
9.1036863744628e-05
