0.0009765625
0.0078125
0.0087890625
0.0087890625
0.0087890625
0.0087890625
0.0087890625
0.0087890625
0.0068359375
0.0009765625
0.0
0.0
0.0
0.0
0.0
0.0
0.0
0.0
0.0
0.0
1.5707963267948966
0.0012488328421957
0.0067959884208996
0.008240958178688
0.0081123086401089
0.0081725336770379
0.0082009618636649
0.008159041619745
0.0082252712986813
0.0068738453064526
0.0012234585564606
4.110295788936e-05
1.7204145649285e-05
2.1550115091112e-06
-3.3899765186935e-06
-5.6425424145358e-07
-4.0910486494925e-05
-1.8012400799251e-05
3.3093722306109e-05
-3.3055043790307e-05
8.8617192556805e-05
