0.0009765625
0.0078125
0.0087890625
0.0087890625
0.0087890625
0.0087890625
0.0087890625
0.0087890625
0.0078125
0.0009765625
0.0
0.0
0.0
0.0
0.0
0.0
0.0
0.0
0.0
0.0
1.82212373908208
0.0015763832240364
0.0083158724026659
0.0099480711187968
0.009839798831839
0.0098870046912491
0.0099066391463769
0.0098911839481997
0.0099191408431799
0.0083082567564908
0.0016454114270886
3.3236827403673e-05
-2.5326361685788e-06
-2.3901653937591e-05
-3.2952079330545e-05
-3.2534879518004e-05
-6.9098915478875e-05
-4.7208918648689e-05
1.9565638840514e-06
-4.9605381775917e-05
7.546669192074e-05
