0.001953125
0.01171875
0.0126953125
0.0126953125
0.0126953125
0.0126953125
0.0126953125
0.0126953125
0.0107421875
0.001953125
0.0
0.0
0.0
0.0
0.0
0.0
0.0
0.0
0.0
0.0
2.324778563656447
0.0021295139100034
0.010642949465291
0.012493313151056
0.012319752708843
0.012438579939976
0.012460830003612
0.012311482785957
0.012523374337293
0.010838071541091
0.0019487797683758
3.0176008847829e-05
1.6495475245122e-05
3.8812598064029e-06
-1.9027871922043e-06
2.8253504475452e-08
-2.6646337347736e-05
-7.9266364173476e-06
3.1714113882951e-05
-1.2684506127855e-05
6.4665695027844e-05
