0.0029296875
0.013671875
0.015625
0.015625
0.015625
0.015625
0.015625
0.015625
0.013671875
0.0029296875
0.0
0.0
0.0
0.0
0.0
0.0
0.0
0.0
0.0
0.0
2.764601535159018
0.0030318489536684
0.013310012858053
0.014901138722818
0.014812422080726
0.014876231022801
0.014879257532159
0.014807375682292
0.014909171075806
0.013354434782601
0.003007894000416
2.7887493855113e-05
1.9791436613678e-05
5.3120224814098e-06
-4.1025170034145e-06
-4.7265141298227e-06
-2.8072918510867e-05
-9.709576970763e-06
2.8849134172314e-05
-6.4020863864266e-06
5.7970676377608e-05
