-0.0009765625
-0.0029296875
-0.00390625
-0.0029296875
-0.00390625
-0.00390625
-0.0029296875
-0.00390625
-0.0029296875
-0.0009765625
0.0
0.0
0.0
0.0
0.0
0.0
0.0
0.0
0.0
0.0
-0.7539822368615503
-0.0006528376651003
-0.0033874066106115
-0.0040824445128547
-0.0041073857574663
-0.004134994405436
-0.0041060670368511
-0.00401108684011
-0.004144480058661
-0.0034655991718135
-0.0004735786178702
6.2077783296618e-05
3.1312766877869e-05
5.2411517124444e-06
-8.1420835991358e-06
-7.1058168790273e-06
-6.6794694949034e-05
-3.1147979733698e-05
4.8110358347729e-05
-4.4969633276555e-05
0.0001312661303682
