0.0
0.0029296875
0.0029296875
0.0029296875
0.0029296875
0.0029296875
0.0029296875
0.0029296875
0.0029296875
0.0
0.0
0.0
0.0
0.0
0.0
0.0
0.0
0.0
0.0
0.0
0.5654866776461628
0.000495219479766
0.002715781436791
0.0032708669395178
0.0031720301039121
0.0031969695875902
0.0032332933453227
0.003251363471542
0.0032326718082728
0.0027549153896165
0.0005574776449489
6.1209188441027e-05
2.511079241822e-05
-2.5197908888992e-06
-1.5989484129726e-05
-1.4891221064149e-05
-7.5179861072001e-05
-3.9388030182135e-05
4.0420248457625e-05
-5.2267681374264e-05
0.0001308563820577
