-0.0029296875
-0.01171875
-0.0146484375
-0.013671875
-0.0146484375
-0.0146484375
-0.013671875
-0.0146484375
-0.0126953125
-0.001953125
0.0
0.0
0.0
0.0
0.0
0.0
0.0
0.0
0.0
0.0
-2.701769682087222
-0.0028172700306578
-0.012643256595427
-0.014289710597876
-0.014178925281379
-0.014265533427836
-0.014268301662091
-0.014159798921343
-0.014309716701403
-0.012727938618768
-0.0026407993451668
3.2455753338287e-05
2.3268919129364e-05
7.7388875720779e-06
-2.0408683034071e-06
-2.1642014874674e-06
-2.926494167566e-05
-8.2668683921423e-06
3.5706957800665e-05
-6.6995754616534e-06
6.7555867704584e-05
