0.0
0.00390625
0.00390625
0.00390625
0.00390625
0.00390625
0.00390625
0.00390625
0.0029296875
0.0009765625
0.0
0.0
0.0
0.0
0.0
0.0
0.0
0.0
0.0
0.0
0.8168140899333463
0.0006899487324775
0.0037150841463165
0.0044580398920114
0.0043530050236239
0.0043856916183727
0.0044205761238909
0.0044237057043361
0.0044266244481965
0.0037709949942262
0.0007287194900444
5.8698232296374e-05
2.8659327823371e-05
3.676113995474e-06
-8.9864855724211e-06
-7.9330352724372e-06
-6.4546215691337e-05
-3.069555380563e-05
4.4546562667089e-05
-4.3605277139309e-05
0.0001243901876494
