-0.0029296875
-0.0126953125
-0.015625
-0.0146484375
-0.0146484375
-0.0146484375
-0.0146484375
-0.015625
-0.0126953125
-0.0029296875
0.0
0.0
0.0
0.0
0.0
0.0
0.0
0.0
0.0
0.0
-2.9530970943744053
-0.0025329688666613
-0.013236328815336
-0.01593007085774
-0.015620808684541
-0.015831513105881
-0.015857048653629
-0.015656514587264
-0.015919960326573
-0.013301128926774
-0.0024841340960361
-3.0912691341724e-05
-4.1954950982856e-05
-2.1185964391129e-05
3.4742201800792e-06
1.5217277062776e-05
3.595150886202e-05
7.6005441258606e-06
-4.4024810413655e-05
-2.0582817123393e-05
-5.7509745101144e-05
