-0.001953125
-0.009765625
-0.01171875
-0.01171875
-0.01171875
-0.01171875
-0.01171875
-0.01171875
-0.0107421875
-0.001953125
0.0
0.0
0.0
0.0
0.0
0.0
0.0
0.0
0.0
0.0
-2.199114857512855
-0.0019824445640496
-0.0099912408761059
-0.011798183239697
-0.011681117946734
-0.011790640764344
-0.01178950086141
-0.011610564090161
-0.011862644492066
-0.010198871354431
-0.0016825063263184
3.4454089363914e-05
1.7551651924993e-05
3.7257123810565e-06
-2.2657156803241e-06
6.9663382288253e-08
-3.1174751494724e-05
-1.0178865240357e-05
3.4678425682698e-05
-1.7363284846528e-05
7.4160054815737e-05
