0.001953125
0.009765625
0.01171875
0.01171875
0.01171875
0.01171875
0.01171875
0.01171875
0.009765625
0.001953125
0.0
0.0
0.0
0.0
0.0
0.0
0.0
0.0
0.0
0.0
2.199114857512855
0.0019708497174467
0.010011292270851
0.011815905430149
0.011642165200197
0.01175288164967
0.011780099754298
0.011647575052364
0.011837869426742
0.010204391273383
0.0017982622769381
3.5391673693709e-05
1.8190642753387e-05
3.8140967568116e-06
-2.4890033833757e-06
-1.635943365286e-07
-3.2208747014327e-05
-1.0592380282003e-05
3.5556393585054e-05
-1.7648693397935e-05
7.6089274344737e-05
