0.001953125
0.0107421875
0.01171875
0.01171875
0.01171875
0.01171875
0.01171875
0.01171875
0.0107421875
0.001953125
0.0
0.0
0.0
0.0
0.0
0.0
0.0
0.0
0.0
0.0
2.261946710584651
0.0020500314456703
0.010325031807061
0.012150009198369
0.01197692959721
0.012090935780226
0.01211574725792
0.011976222315487
0.012175384721834
0.010517837510048
0.0018735886702467
3.2821613643207e-05
1.7219591184702e-05
3.6894523194993e-06
-2.3348763430194e-06
-1.7849934809607e-07
-2.960112085786e-05
-9.3974559779351e-06
3.3574994983066e-05
-1.5337014049643e-05
7.0508210740674e-05
