0.001953125
0.01171875
0.013671875
0.013671875
0.013671875
0.013671875
0.013671875
0.013671875
0.01171875
0.001953125
0.0
0.0
0.0
0.0
0.0
0.0
0.0
0.0
0.0
0.0
2.57610597594363
0.0026119534993917
0.012028300665644
0.013701740110496
0.013571381221645
0.013664382029966
0.013675046790086
0.013564178858747
0.0137191903596
0.012137231210053
0.0025147155806232
3.4094427603147e-05
2.2205141838028e-05
6.5290765294913e-06
-2.4654947965319e-06
-1.8315883558199e-06
-3.104794221028e-05
-9.3532340639857e-06
3.6333441812048e-05
-1.0250881107353e-05
7.1701869456084e-05
