-0.0029296875
-0.01171875
-0.013671875
-0.0126953125
-0.013671875
-0.013671875
-0.0126953125
-0.013671875
-0.01171875
-0.001953125
0.0
0.0
0.0
0.0
0.0
0.0
0.0
0.0
0.0
0.0
-2.5132741228718345
-0.0025377520525191
-0.011712594228233
-0.013386502799597
-0.013273043091648
-0.013366443792679
-0.013368885255591
-0.013239168566031
-0.013419871725093
-0.011840206306913
-0.0023068944602021
3.6454494535609e-05
2.3013381724204e-05
6.5356407063511e-06
-2.7446063220543e-06
-1.9299063955049e-06
-3.3460434353866e-05
-1.0363707330186e-05
3.8383122068648e-05
-1.2104283080815e-05
7.6919271789941e-05
