0.0
-0.0009765625
-0.001953125
-0.0009765625
-0.001953125
-0.001953125
-0.0009765625
-0.001953125
-0.0009765625
0.0
0.0
0.0
0.0
0.0
0.0
0.0
0.0
0.0
0.0
0.0
-0.3769911184307751
-0.0003352304056986
-0.0016892590275007
-0.002036270275702
-0.0020875821866725
-0.0021006012165796
-0.0020668302482877
-0.0019875050400187
-0.0020969675885333
-0.0017402626562823
-0.0001736130811273
6.9478426508353e-05
3.7227674040454e-05
7.9410206565278e-06
-7.7472357436703e-06
-7.1027108469921e-06
-7.3415910025162e-05
-3.3612679832002e-05
5.4880008293658e-05
-4.8042129328752e-05
0.0001460860612135
