0.001953125
0.0126953125
0.0146484375
0.0146484375
0.0146484375
0.013671875
0.0146484375
0.015625
0.0126953125
0.0
-0.0009765625
-0.001953125
-0.0009765625
-0.0009765625
-0.0009765625
-0.0029296875
-0.0009765625
-0.0009765625
-0.0009765625
0.0
3.078760800517997
0.0026478465833409
0.013465600470878
0.018417943595742
0.014036451241179
0.017709765277802
0.017762664418017
0.013905075416639
0.018583588179891
0.014047156880323
0.0020300481583779
6.8508606919399e-05
0.0001383515654664
0.0002035823501908
0.0002675760889876
0.0003057662865296
0.0002652633080399
0.0002408789195917
0.0002097729641043
5.9573706275686e-05
9.3423326521267e-05
