0.0
0.0009765625
0.0009765625
0.0009765625
0.0009765625
0.0009765625
0.0009765625
0.0009765625
0.0009765625
0.0
0.0
0.0
0.0
0.0
0.0
0.0
0.0
0.0
0.0
0.0
0.1884955592153875
0.0001533952750674
0.00089154385915
0.0010609434573198
0.0009739056907923
0.000983244717977
0.0010227639345974
0.0010719126081594
0.0010082518724822
0.0008958702788661
0.0002695319727768
7.4773696804501e-05
4.0917170808749e-05
9.4946645461171e-06
-7.5219226885246e-06
-6.9428663542854e-06
-7.8114990195013e-05
-3.5354105623978e-05
5.9703314622977e-05
-5.0740015160838e-05
0.0001569280889839
