-0.001953125
-0.0107421875
-0.0126953125
-0.0126953125
-0.0126953125
-0.0126953125
-0.0126953125
-0.0126953125
-0.0107421875
-0.001953125
0.0
0.0
0.0
0.0
0.0
0.0
0.0
0.0
0.0
0.0
-2.3876104167282426
-0.0023419429494532
-0.011130405593526
-0.012848227698346
-0.012754244469535
-0.012838892397714
-0.012835933093154
-0.012707540087233
-0.012888603897186
-0.011263994141843
-0.0020979824082875
3.5740701904223e-05
2.2040198568616e-05
5.0772997108233e-06
-4.4161269288679e-06
-3.495027069555e-06
-3.3944371962375e-05
-1.0540779447034e-05
3.8389875526157e-05
-1.0316115328789e-05
7.5931319908629e-05
