0.0009765625
0.005859375
0.005859375
0.005859375
0.005859375
0.005859375
0.005859375
0.005859375
0.0048828125
0.0009765625
0.0
0.0
0.0
0.0
0.0
0.0
0.0
0.0
0.0
0.0
1.2566370614359172
0.0010646451296235
0.0055814066074178
0.0066456744570891
0.0065304923088934
0.0065778820852492
0.0066095986592137
0.0065826683596327
0.0066288001876901
0.0056731913302818
0.0010560557296524
5.4264637850745e-05
3.1307060617285e-05
8.8076691313595e-06
-3.3990970672091e-06
-2.6498288549623e-06
-5.3304549990381e-05
-2.1925754072024e-05
4.7216070243572e-05
-3.2258606826288e-05
0.0001138760867915
