0.0009765625
0.0048828125
0.0048828125
0.005859375
0.0048828125
0.0048828125
0.005859375
0.0048828125
0.0048828125
0.0009765625
0.0
0.0
0.0
0.0
0.0
0.0
0.0
0.0
0.0
0.0
1.0681415022205298
0.0008950906863664
0.0047489318868142
0.0056750179467667
0.0055620530860618
0.0056030410622596
0.0056372559287663
0.0056252363743208
0.0056501464682788
0.0048245403166189
0.000910595592258
5.8171631188849e-05
3.2333198849129e-05
8.417751846365e-06
-4.2847908676938e-06
-3.374659266347e-06
-5.8290398031278e-05
-2.4899539636941e-05
4.8975562132791e-05
-3.7189547779239e-05
0.0001223281093695
