-0.0029296875
-0.013671875
-0.015625
-0.015625
-0.015625
-0.015625
-0.015625
-0.015625
-0.013671875
-0.0029296875
0.0
0.0
0.0
0.0
0.0
0.0
0.0
0.0
0.0
0.0
-3.015928947446201
-0.0032429052151478
-0.01421719950022
-0.01600334297314
-0.015863672173073
-0.015975651592657
-0.015974619700225
-0.015849635327934
-0.016014656919026
-0.014252727439213
-0.0031444164433314
2.547487394692e-05
2.1281820563241e-05
4.6119075520711e-06
-8.325192238525e-06
-1.1157305963571e-05
-3.0362183178957e-05
-1.0732560312377e-05
2.8366550111502e-05
1.9261201274062e-06
5.1901630612371e-05
