-0.0009765625
-0.00390625
-0.0048828125
-0.0048828125
-0.0048828125
-0.0048828125
-0.0048828125
-0.0048828125
-0.0048828125
-0.0009765625
0.0
0.0
0.0
0.0
0.0
0.0
0.0
0.0
0.0
0.0
-1.1309733552923256
-0.00096905945466
-0.0049903014312861
-0.0059683783491225
-0.0059673289374239
-0.006008007095377
-0.0059849618443853
-0.0058774840572108
-0.0060302674033373
-0.0050967164476512
-0.0007677125892146
5.8093765861038e-05
3.3026754223153e-05
9.1927762425475e-06
-3.6359640406168e-06
-2.8000161228163e-06
-5.7368391951965e-05
-2.3979315136313e-05
4.9797826508909e-05
-3.5865727784453e-05
0.000121994825134
