-0.001953125
-0.0078125
-0.009765625
-0.009765625
-0.009765625
-0.009765625
-0.009765625
-0.009765625
-0.0087890625
-0.001953125
0.0
0.0
0.0
0.0
0.0
0.0
0.0
0.0
0.0
0.0
-1.884955592153876
-0.0015753248123171
-0.0082259385303037
-0.0098494449177461
-0.0098193194086744
-0.0098642790367713
-0.0098450252300136
-0.0097685915974217
-0.0098778519170069
-0.0082334257741246
-0.0015080626751777
3.3016419899188e-05
1.0513481581642e-06
-1.8666154584483e-05
-2.7273926371734e-05
-2.6863798871278e-05
-6.2409046914082e-05
-4.1251656971688e-05
6.2694222761369e-06
-4.4754248580119e-05
7.4036486384649e-05
