-0.0009765625
-0.00390625
-0.0048828125
-0.0048828125
-0.0048828125
-0.0048828125
-0.0048828125
-0.0048828125
-0.0048828125
-0.0009765625
0.0
0.0
0.0
0.0
0.0
0.0
0.0
0.0
0.0
0.0
-1.005309649148734
-0.0008590617301079
-0.0044402776206966
-0.0053243242024665
-0.0053315778926173
-0.0053675659538769
-0.0053428224642181
-0.0052409084395635
-0.0053852735924582
-0.0045349997365681
-0.0006693500218217
5.8302200500028e-05
3.1866197306855e-05
7.9305452135855e-06
-4.6899563707471e-06
-3.745960583046e-06
-5.9007110827355e-05
-2.5603969605018e-05
4.8411934002311e-05
-3.8274109679842e-05
0.0001227268175028
