0.0009765625
0.0048828125
0.0048828125
0.005859375
0.0048828125
0.0048828125
0.005859375
0.0048828125
0.0048828125
0.0009765625
0.0
0.0
0.0
0.0
0.0
0.0
0.0
0.0
0.0
0.0
1.005309649148734
0.0008434985777209
0.0044935657997877
0.0053757288019186
0.0052626056982559
0.0053017653819138
0.0053371572420664
0.0053299752874829
0.005348060411986
0.0045649778005189
0.0008668809006953
6.0207035385389e-05
3.3129293441636e-05
8.3690264881562e-06
-4.7306810557841e-06
-3.7862576477666e-06
-6.0777671276486e-05
-2.6254716264798e-05
5.0194021251464e-05
-3.9172375356119e-05
0.0001266727605987
