-0.001953125
-0.0048828125
-0.00390625
-0.00390625
-0.0029296875
-0.0048828125
-0.0029296875
-0.0029296875
-0.00390625
-0.0029296875
-0.001953125
-0.001953125
-0.0029296875
-0.0029296875
-0.0009765625
-0.0029296875
-0.0009765625
-0.001953125
-0.001953125
-0.001953125
-0.6283185307179586
-0.0005559142775375
-0.0028863675876643
-0.0034875764419655
-0.0035199883662693
-0.0035435195969955
-0.0035131412267315
-0.0034225571048358
-0.0035492016354282
-0.0029561026161053
-0.0003832603004823
6.2868480534897e-05
2.9441555456422e-05
2.3117035360698e-06
-1.1344196838727e-05
-1.0285143206371e-05
-7.1340572842691e-05
-3.5021687076856e-05
4.5860862761918e-05
-4.8800340369584e-05
0.000133481491517
