0.001953125
0.0087890625
0.009765625
0.009765625
0.009765625
0.009765625
0.009765625
0.009765625
0.0087890625
0.001953125
0.0
0.0
0.0
0.0
0.0
0.0
0.0
0.0
0.0
0.0
1.884955592153876
0.0015764427582807
0.0083153307750123
0.0099475056117895
0.0098400226978885
0.009887201231609
0.0099064439913403
0.0098903894599447
0.00991914084318
0.0083078146268818
0.0016441452793265
3.3279029556241e-05
7.230385340304e-07
-1.9522588881133e-05
-2.8368258975295e-05
-2.7980160569996e-05
-6.3821495380136e-05
-4.2342111892245e-05
5.8264567406618e-06
-4.5395193873528e-05
7.4698302033795e-05
