-0.0009765625
-0.005859375
-0.0068359375
-0.0068359375
-0.0068359375
-0.0068359375
-0.0068359375
-0.0068359375
-0.005859375
-0.0009765625
0.0
0.0
0.0
0.0
0.0
0.0
0.0
0.0
0.0
0.0
-1.4451326206513049
-0.0011578176181037
-0.0062543005869173
-0.0076230036402963
-0.0075938493100034
-0.0076478320914068
-0.0076287935787737
-0.0075173434634018
-0.0076758352434692
-0.0063450548346469
-0.000983088223578
4.1776325272252e-05
1.6121404413921e-05
5.0549300741024e-07
-5.1853339784551e-06
-2.3821590800311e-06
-4.3873328323661e-05
-2.0577324506409e-05
3.1631540065356e-05
-3.5938834395121e-05
9.0350707057035e-05
