0.001953125
0.01171875
0.0126953125
0.0126953125
0.0126953125
0.0126953125
0.0126953125
0.0126953125
0.0107421875
0.001953125
0.0
0.0
0.0
0.0
0.0
0.0
0.0
0.0
0.0
0.0
2.4504422698000385
0.0025274667348308
0.01174115510841
0.013424341825413
0.013289621973155
0.013379878696865
0.013395331001944
0.013289561590026
0.013440235897946
0.01187678478353
0.0023799194394541
3.5148846564365e-05
2.3732443778527e-05
6.5670213269271e-06
-3.4323949961551e-06
-2.6102947450499e-06
-3.1340153494728e-05
-7.7266912957486e-06
4.0977575610433e-05
-5.1930894243336e-06
7.4319579063245e-05
