-0.00390625
-0.0107421875
-0.0126953125
-0.013671875
-0.0126953125
-0.0107421875
-0.01171875
-0.0107421875
-0.0107421875
-0.005859375
0.0
-0.0048828125
-0.0009765625
-0.00390625
-0.0029296875
-0.0048828125
-0.0009765625
-0.0029296875
-0.001953125
-0.0029296875
-2.324778563656447
-0.0021389016447672
-0.01063310901606
-0.012489693028378
-0.012350343279418
-0.012469575863938
-0.012474261056937
-0.012293082222762
-0.012547338336436
-0.010842115163781
-0.0018501112110873
2.9057973079373e-05
1.5922840518082e-05
3.9531638885253e-06
-1.5043579011315e-06
4.123221426489e-07
-2.5250530382884e-05
-7.2618201203051e-06
3.0828061912656e-05
-1.2081046880126e-05
6.2303055307741e-05
