0.0
0.001953125
0.0029296875
0.001953125
0.001953125
0.001953125
0.0029296875
0.0029296875
0.001953125
-0.001953125
-0.001953125
-0.001953125
-0.0029296875
-0.0009765625
-0.001953125
-0.0029296875
-0.001953125
-0.001953125
-0.001953125
-0.001953125
1.1309733552923256
0.0009512783569326
0.0050280687190382
0.0060014669398627
0.0058863248246369
0.0059296441250641
0.0059636985444819
0.0059473071431616
0.0059785542550266
0.0051097829701392
0.000959901769976
5.8095330638332e-05
3.2907318183444e-05
9.0083591575858e-06
-3.8176021208962e-06
-2.9657581144032e-06
-5.7563257796499e-05
-2.4152833659524e-05
4.9659281210954e-05
-3.6019635365913e-05
0.0001220264184713
