0.0009765625
0.005859375
0.005859375
0.005859375
0.005859375
0.005859375
0.005859375
0.005859375
0.0048828125
0.0009765625
0.0
0.0
0.0
0.0
0.0
0.0
0.0
0.0
0.0
0.0
1.1938052083641213
0.0010037785730082
0.0052833289841881
0.0062990598308313
0.006185739047291
0.0062306494628953
0.0062627506409344
0.0062408676000973
0.0062797343467477
0.0053683286415951
0.0010033169621508
5.4683502413359e-05
3.1137294798107e-05
8.6137986579163e-06
-3.48700192152e-06
-2.6644110621645e-06
-5.3935920569217e-05
-2.244086492517e-05
4.7077840902753e-05
-3.3435469007069e-05
0.0001148419637425
