-0.001953125
-0.0078125
-0.0087890625
-0.0087890625
-0.0087890625
-0.0087890625
-0.0087890625
-0.0087890625
-0.0078125
-0.001953125
0.0
0.0
0.0
0.0
0.0
0.0
0.0
0.0
0.0
0.0
-1.82212373908208
-0.0015754891504343
-0.0082258612720203
-0.0098494449177461
-0.0098201833979558
-0.0098651169810906
-0.009845431861088
-0.0097683324791153
-0.0098784766807057
-0.0082334670906468
-0.0015067591978783
3.3091479400379e-05
-1.9784759176247e-06
-2.2811430303529e-05
-3.1640051566625e-05
-3.1201435997484e-05
-6.754308937169e-05
-4.5929631098172e-05
2.6852219732487e-06
-4.883186127605e-05
7.5008894626628e-05
