0.0
0.0
-0.0009765625
0.0
-0.0009765625
-0.0009765625
0.0
-0.0009765625
-0.0009765625
0.0
0.0
0.0
0.0
0.0
0.0
0.0
0.0
0.0
0.0
0.0
0.0
-1.6018732482715e-05
5.9857116110161e-06
-2.4595818173765e-06
-8.5113855020093e-05
-8.3224648877702e-05
-4.1717958934079e-05
2.3886865615602e-05
-6.3670021652581e-05
-1.0188086139867e-05
0.0001294942414254
7.1443100640662e-05
1.7569556057015e-06
-4.1362643840198e-05
-6.0180813030313e-05
-5.9319040431899e-05
-0.0001362856149273
-9.0317921095361e-05
1.2851500650431e-05
-9.7353735141059e-05
0.0001603250311509
