-0.0029296875
-0.0126953125
-0.015625
-0.0146484375
-0.0146484375
-0.0146484375
-0.0146484375
-0.015625
-0.0126953125
-0.0029296875
0.0
0.0
0.0
0.0
0.0
0.0
0.0
0.0
0.0
0.0
-2.8902652413026098
-0.0031371971632345
-0.013545925684671
-0.015115837557272
-0.015012267377967
-0.015091134737694
-0.015092948617161
-0.015002998910123
-0.015125837687229
-0.013591864951356
-0.0030111192514828
3.3192399719637e-05
2.8712665780333e-05
1.1384488230996e-05
-1.3164457492789e-06
-3.0592095733323e-06
-2.9196300471596e-05
-6.9809415034035e-06
3.8979523139321e-05
2.0995195704308e-08
6.7382377472055e-05
