0.0
-0.0009765625
-0.001953125
-0.0009765625
-0.001953125
-0.001953125
-0.0009765625
-0.001953125
-0.0009765625
0.0
0.0
0.0
0.0
0.0
0.0
0.0
0.0
0.0
0.0
0.0
-0.2513274122871834
-0.000233333442774
-0.0011504185327751
-0.001391789294307
-0.0014539744129164
-0.0014624821758526
-0.0014257484260573
-0.0013492179766068
-0.0014538799755252
-0.0011921140088137
-7.379774941567e-05
7.3405363430186e-05
3.7562610190116e-05
6.0054529702499e-06
-1.0686046546738e-05
-1.0007103768924e-05
-8.0519893957351e-05
-3.8262475770739e-05
5.5764774271286e-05
-5.3223793902429e-05
0.0001547716854249
