-0.0029296875
-0.01171875
-0.013671875
-0.0126953125
-0.013671875
-0.013671875
-0.0126953125
-0.013671875
-0.01171875
-0.001953125
0.0
0.0
0.0
0.0
0.0
0.0
0.0
0.0
0.0
0.0
-2.638937829015426
-0.0027430155090404
-0.012341781916961
-0.013978998550974
-0.013869504022875
-0.013957464962639
-0.013959563884883
-0.013844347034776
-0.014003918323247
-0.012440332603249
-0.0025403071221326
3.8286316541881e-05
2.7007854144861e-05
8.6665835600257e-06
-2.8138986985554e-06
-2.9554545048661e-06
-3.510539826042e-05
-1.0327419676775e-05
4.1607626243541e-05
-8.6307262671804e-06
7.9802519346602e-05
