0.001953125
0.0126953125
0.0146484375
0.0146484375
0.0146484375
0.0146484375
0.0146484375
0.0146484375
0.0126953125
0.001953125
0.0
0.0
0.0
0.0
0.0
0.0
0.0
0.0
0.0
0.0
2.638937829015426
0.0027540751377463
0.012368471269655
0.013984871385814
0.013859936544355
0.013948615456579
0.013958409160755
0.013855615960811
0.013998773463499
0.012462507577685
0.0026778752913072
4.0276086763225e-05
2.8578730147096e-05
8.9016046890548e-06
-3.4702196160826e-06
-3.7313047866258e-06
-3.7430325093291e-05
-1.1216448876933e-05
4.3653520243322e-05
-8.6990161386716e-06
8.384801008349e-05
