0.0
-0.0009765625
-0.001953125
-0.0009765625
-0.001953125
-0.001953125
-0.0009765625
-0.001953125
-0.0009765625
0.0
0.0
0.0
0.0
0.0
0.0
0.0
0.0
0.0
0.0
0.0
-0.4398229715025711
-0.0003936217792614
-0.0019876388864984
-0.0023872720726237
-0.0024424429326409
-0.0024519562507575
-0.0024159031340885
-0.0023476426447889
-0.0024405391126249
-0.0020021037961307
-0.0002669096634154
6.7687777911412e-05
2.7443136320124e-05
-4.2800721293077e-06
-2.0381645294537e-05
-1.9796306110269e-05
-8.6640835594495e-05
-4.6569723706382e-05
4.2778720603752e-05
-5.8452667341049e-05
0.0001450634877616
