-0.0029296875
-0.01171875
-0.013671875
-0.0126953125
-0.013671875
-0.013671875
-0.0126953125
-0.013671875
-0.01171875
-0.001953125
0.0
0.0
0.0
0.0
0.0
0.0
0.0
0.0
0.0
0.0
-2.57610597594363
-0.0026083044942818
-0.012007347279227
-0.013692171988076
-0.013576597690088
-0.013668760443719
-0.01367220280273
-0.013549733415338
-0.013720008777107
-0.012120772184404
-0.0024014763316284
3.1912315644509e-05
2.0384021131237e-05
5.9955092078885e-06
-2.1199875548459e-06
-1.371598451893e-06
-2.8859029290766e-05
-8.6603543340804e-06
3.3946753396082e-05
-1.0167294421058e-05
6.7285889799475e-05
