-0.0009765625
-0.00390625
-0.0048828125
-0.0048828125
-0.0048828125
-0.0048828125
-0.0048828125
-0.0048828125
-0.0048828125
-0.0009765625
0.0
0.0
0.0
0.0
0.0
0.0
0.0
0.0
0.0
0.0
-0.942477796076938
-0.0007878729719869
-0.004066884845367
-0.0048746630209978
-0.0049032595330576
-0.0049245515657916
-0.0048931630973191
-0.0048206850810858
-0.0049210333647579
-0.0040794362065017
-0.0006776562959297
5.8386797473577e-05
2.1638671203534e-05
-6.4074910522048e-06
-2.0410579988191e-05
-1.9883154640798e-05
-7.8031886067303e-05
-4.3208792088656e-05
3.4500530114625e-05
-5.3109308880408e-05
0.0001256718675505
