0.0009765625
0.0078125
0.0087890625
0.0087890625
0.0087890625
0.0087890625
0.0087890625
0.0087890625
0.0078125
0.0009765625
0.0
0.0
0.0
0.0
0.0
0.0
0.0
0.0
0.0
0.0
1.7592918860102844
0.0014416604957862
0.0077115958359092
0.0092847933925605
0.0091510379034413
0.0092183678097381
0.0092452876290455
0.0091902734975344
0.0092746973775015
0.00780202768282
0.0013950828999693
3.8572864462937e-05
1.7072459844535e-05
3.377262810637e-06
-1.5435732099321e-06
1.3605973027129e-06
-3.603775722447e-05
-1.4525967847258e-05
3.3230374216803e-05
-2.8814334917298e-05
8.3111487521301e-05
