0.0
0.001953125
0.001953125
0.001953125
0.001953125
0.001953125
0.001953125
0.001953125
0.0009765625
0.0
0.0
0.0
0.0
0.0
0.0
0.0
0.0
0.0
0.0
0.0
0.2513274122871834
0.0001972367959314
0.001119097539408
0.0013302864741841
0.0012439912365607
0.0012518740080402
0.0012905887891892
0.0013457615090336
0.0012730488559568
0.0011033690892124
0.0003335669891569
7.5290227479377e-05
4.1051560063526e-05
9.4302969895806e-06
-7.8110936486877e-06
-7.2614656729319e-06
-7.911608248134e-05
-3.5938392910585e-05
6.0056173556333e-05
-5.1183941057946e-05
0.0001585618236219
