0.0
0.001953125
0.001953125
0.0029296875
0.001953125
0.001953125
0.0029296875
0.001953125
0.001953125
0.0
0.0
0.0
0.0
0.0
0.0
0.0
0.0
0.0
0.0
0.0
0.6283185307179586
0.0005405130895601
0.0029516561249273
0.0035519501582571
0.0034499083757945
0.0034768248492764
0.0035136503408649
0.0035292068242128
0.0035143092553675
0.0029950832313319
0.0005991895727515
6.2388691319728e-05
2.829598888462e-05
1.0315530234411e-06
-1.2567371681568e-05
-1.1484901099937e-05
-7.2272312135644e-05
-3.6100031601177e-05
4.4452865715845e-05
-4.9605039346874e-05
0.0001326996093694
