-0.0009765625
-0.00390625
-0.0048828125
-0.00390625
-0.0048828125
-0.0048828125
-0.00390625
-0.0048828125
-0.00390625
-0.0009765625
0.0
0.0
0.0
0.0
0.0
0.0
0.0
0.0
0.0
0.0
-0.8168140899333463
-0.000704924009184
-0.0036571560583495
-0.004401320816576
-0.0044201820447434
-0.0044497890469486
-0.0044227403938899
-0.0043278531413341
-0.0044614983791517
-0.0037378896173312
-0.0005276103860531
5.9100612812669e-05
2.952676551058e-05
4.6313770827386e-06
-8.0854530156387e-06
-7.0526635583595e-06
-6.3911944109749e-05
-2.992811036479e-05
4.5617941536008e-05
-4.3056940572652e-05
0.0001250700910256
