-0.001953125
-0.0068359375
-0.0087890625
-0.0078125
-0.0078125
-0.0078125
-0.0078125
-0.0087890625
-0.0068359375
-0.0009765625
0.0
0.0
0.0
0.0
0.0
0.0
0.0
0.0
0.0
0.0
-1.7592918860102844
-0.0015756160996923
-0.0082258046426755
-0.0098494449177461
-0.0098208485627469
-0.0098657594942923
-0.0098457433548295
-0.0097681397399772
-0.0098789513870723
-0.0082334805252578
-0.0015057783737634
3.2866767555182e-05
-5.5932677897912e-06
-2.7564631611608e-05
-3.6573451821793e-05
-3.6104709052013e-05
-7.3056145779563e-05
-5.1101807885317e-05
-1.6383393690756e-06
-5.325836541595e-05
7.5461759613766e-05
