0.0
0.001953125
0.001953125
0.001953125
0.001953125
0.001953125
0.001953125
0.001953125
0.0009765625
0.0
0.0
0.0
0.0
0.0
0.0
0.0
0.0
0.0
0.0
0.0
0.3141592653589793
0.0002667242575086
0.0014896003773404
0.0017810304839329
0.0016890958108326
0.0017035838113832
0.0017426832752891
0.0017821317175132
0.0017326639936969
0.0015069802324983
0.0003658712749608
7.1550562908048e-05
3.6619967428537e-05
5.8547978288995e-06
-1.0404296177457e-05
-9.7225877487468e-06
-7.8427905380514e-05
-3.7221771810941e-05
5.443724395242e-05
-5.1792015355729e-05
0.000150870400699
