0.0
0.001953125
0.001953125
0.001953125
0.001953125
0.001953125
0.001953125
0.001953125
0.0009765625
0.0
0.0
0.0
0.0
0.0
0.0
0.0
0.0
0.0
0.0
0.0
0.3769911184307751
0.0003159301099246
0.0017477720804159
0.002090006733055
0.0019947035829011
0.0020114143751824
0.0020509915772253
0.0020872820645914
0.0020425811830803
0.0017706911887238
0.0004103031985402
7.2528776558619e-05
3.9413976097987e-05
8.9983035602476e-06
-7.36460398972e-06
-6.7012804176658e-06
-7.578513430083e-05
-3.4287217273151e-05
5.7937968934888e-05
-4.9398865784486e-05
0.0001523540579939
