-0.0029296875
-0.01171875
-0.0146484375
-0.013671875
-0.0146484375
-0.0146484375
-0.013671875
-0.0146484375
-0.0126953125
-0.001953125
0.0
0.0
0.0
0.0
0.0
0.0
0.0
0.0
0.0
0.0
-2.827433388230814
-0.0030401316260434
-0.013286362159968
-0.014873974633462
-0.014791866073229
-0.014852529621739
-0.014853431211855
-0.014783810058463
-0.014882094025217
-0.013322548729655
-0.0029367934250041
3.1861324756453e-05
2.6184619421002e-05
1.0191551197457e-05
-1.2288747283472e-06
-2.6133585850456e-06
-2.8584789635177e-05
-7.8563747593851e-06
3.560568162306e-05
-3.3423827427209e-06
6.5078271921824e-05
