0.001953125
0.009765625
0.0107421875
0.0107421875
0.0107421875
0.0107421875
0.0107421875
0.0107421875
0.0087890625
0.001953125
0.0
0.0
0.0
0.0
0.0
0.0
0.0
0.0
0.0
0.0
2.073451151369264
0.0018655465239564
0.0095654687233421
0.011316167825698
0.011172305514688
0.011255071518273
0.011279121600265
0.011194464665684
0.011319443131872
0.0096901294005348
0.0017654500890536
3.5331559184759e-05
1.709216926287e-05
3.8733906635661e-06
-1.2693073501581e-06
1.4703451217685e-06
-3.1430552371049e-05
-1.0732691154077e-05
3.414228440042e-05
-2.0964765410269e-05
7.6193046197749e-05
