0.0029296875
0.013671875
0.015625
0.015625
0.015625
0.015625
0.015625
0.015625
0.013671875
0.0029296875
0.0
0.0
0.0
0.0
0.0
0.0
0.0
0.0
0.0
0.0
2.9530970943744053
0.0032764698973522
0.014032196110237
0.015602820834836
0.015446819726014
0.01557093452204
0.015573870127576
0.015434034415286
0.015617377683759
0.014092128479361
0.0032152731008159
2.318317617004e-05
1.9706861492726e-05
6.9052235769538e-06
-2.1839343406813e-06
-3.2918645673929e-06
-2.116365762766e-05
-5.3102244520373e-06
2.7233144181871e-05
6.9294111093753e-07
4.7045278361103e-05
