0.001953125
0.0087890625
0.009765625
0.009765625
0.009765625
0.009765625
0.009765625
0.009765625
0.0087890625
0.001953125
0.0
0.0
0.0
0.0
0.0
0.0
0.0
0.0
0.0
0.0
1.947787445225672
0.0016737440740187
0.0087564927698492
0.010447165756131
0.010310538572359
0.010385761546142
0.010409759407876
0.010337932394166
0.010445364356694
0.0088625345131469
0.0015980094314327
3.3809591956549e-05
1.4969709050009e-05
3.2986434811637e-06
-4.9115651654493e-07
2.5557202613133e-06
-2.9865199881868e-05
-1.0897664670126e-05
3.0913255815759e-05
-2.3819131899987e-05
7.3134914080492e-05
