-0.0009765625
-0.00390625
-0.0048828125
-0.00390625
-0.0048828125
-0.0048828125
-0.00390625
-0.0048828125
-0.00390625
-0.0009765625
0.0
0.0
0.0
0.0
0.0
0.0
0.0
0.0
0.0
0.0
-0.8796459430051422
-0.0007876887932583
-0.0040670016641762
-0.0048746630209978
-0.0049022688770002
-0.0049235650136117
-0.0048926813784966
-0.0048210490572907
-0.0049202547490218
-0.0040792068061346
-0.0006793756763511
5.5502093468164e-05
1.2410231747225e-05
-1.7127365739175e-05
-3.0978000475185e-05
-3.0402054788752e-05
-8.7604433161419e-05
-5.3405681060243e-05
2.3114352234381e-05
-6.1186323650189e-05
0.0001216267886794
