-0.0029296875
-0.009765625
-0.009765625
-0.01171875
-0.0107421875
-0.0107421875
-0.0107421875
-0.009765625
-0.0087890625
-0.0048828125
-0.001953125
-0.00390625
-0.0029296875
-0.00390625
-0.0029296875
-0.0048828125
-0.0009765625
-0.0029296875
-0.001953125
-0.001953125
-1.6964600329384885
-0.0013847281692928
-0.0073509112950116
-0.0088787047310701
-0.0088333814682662
-0.0088961557033241
-0.0088803047763633
-0.0087607823947092
-0.0089309754327699
-0.007455447816967
-0.0011964332860406
3.935793153249e-05
1.7407170506674e-05
3.5692723585563e-06
-1.4369235484522e-06
1.4474609360877e-06
-3.6847935487013e-05
-1.5012149846894e-05
3.3601714225305e-05
-2.9840223708072e-05
8.4759238338754e-05
