-0.0029296875
-0.009765625
-0.009765625
-0.0107421875
-0.0107421875
-0.0107421875
-0.009765625
-0.009765625
-0.0087890625
-0.0048828125
-0.001953125
-0.0029296875
-0.0029296875
-0.0029296875
-0.0029296875
-0.005859375
-0.001953125
-0.0029296875
-0.0029296875
-0.0029296875
-1.5707963267948966
-0.0012601435885423
-0.0067522572202098
-0.0081949723427228
-0.0081587037359901
-0.0082166742780037
-0.008198953872512
-0.0080836521052688
-0.008247723401195
-0.0068492433367102
-0.0010791164796716
4.0979209529046e-05
1.7421075669304e-05
2.6701692439178e-06
-2.7565760650427e-06
7.0249981742145e-08
-4.0129623139391e-05
-1.7390364876107e-05
3.3405121107317e-05
-3.2652468067221e-05
8.8301310621791e-05
