0.0029296875
0.013671875
0.015625
0.015625
0.015625
0.015625
0.015625
0.015625
0.013671875
0.0029296875
0.0
0.0
0.0
0.0
0.0
0.0
0.0
0.0
0.0
0.0
2.8902652413026098
0.0031713586905601
0.01358386513449
0.015123573781371
0.015016094326313
0.015094563336315
0.015098766165063
0.015013732212415
0.015130048944309
0.013626709872828
0.003154768164959
3.8916925258043e-05
3.4288662525232e-05
1.3596577950578e-05
-1.733068018022e-06
-4.0149434353395e-06
-3.4461242237365e-05
-8.2754371965739e-06
4.5815044991481e-05
8.6932510104076e-07
7.8738088296507e-05
