-0.0009765625
-0.001953125
-0.001953125
-0.001953125
-0.001953125
-0.001953125
-0.001953125
-0.001953125
-0.001953125
0.0
0.0
0.0
0.0
0.0
0.0
0.0
0.0
0.0
0.0
0.0
-0.5026548245743669
-0.0004346815592503
-0.0022074814865789
-0.0026556164436017
-0.002700997155417
-0.002718473261544
-0.002685251327024
-0.0025988407015996
-0.0027188777560466
-0.0022701638010402
-0.0002604047890542
7.0964461355882e-05
4.1043206227026e-05
1.2047093792841e-05
-3.8981427129622e-06
-3.2998298457856e-06
-7.0251969482752e-05
-2.9900195308758e-05
5.9669646738642e-05
-4.4878778862894e-05
0.000148449273822
