0.0
0.0
-0.0009765625
0.0
-0.0009765625
-0.0009765625
0.0
-0.0009765625
-0.0009765625
0.0
0.0
0.0
0.0
0.0
0.0
0.0
0.0
0.0
0.0
0.0
-0.1256637061435917
-0.000119454981917
-0.0005418646655085
-0.0006598440569268
-0.0007332230308321
-0.0007363766537807
-0.0006969338113018
-0.0006252725761065
-0.0007221740291762
-0.0005716022204821
3.5244401199553e-05
7.8613656519533e-05
4.4167016129235e-05
1.1535167550155e-05
-6.2929913952556e-06
-5.7087029920755e-06
-8.0279443117789e-05
-3.5482595400687e-05
6.4085578864811e-05
-5.1881840405928e-05
0.000164685857147
