-0.0009765625
-0.0029296875
-0.00390625
-0.0029296875
-0.00390625
-0.00390625
-0.0029296875
-0.00390625
-0.0029296875
-0.0009765625
0.0
0.0
0.0
0.0
0.0
0.0
0.0
0.0
0.0
0.0
-0.6911503837897545
-0.0006053603753306
-0.0031435356569944
-0.0037929753664255
-0.0038206113159159
-0.0038461691349027
-0.0038170250601201
-0.0037252347557954
-0.0038539092651434
-0.003216790110765
-0.0004317884425916
6.1296729353421e-05
2.9207113807329e-05
2.9432545168937e-06
-1.0316615440633e-05
-9.2610987896882e-06
-6.8644353509252e-05
-3.3283177294156e-05
4.5429785173747e-05
-4.6805678268435e-05
0.0001300391396308
