0.0
0.0029296875
0.0029296875
0.0029296875
0.0029296875
0.0029296875
0.0029296875
0.0029296875
0.0029296875
0.0
0.0
0.0
0.0
0.0
0.0
0.0
0.0
0.0
0.0
0.0
0.6911503837897545
0.0005869442618262
0.0031922182780701
0.0038380595056369
0.0037329485154487
0.0037618833378247
0.0037991248788223
0.0038119371700924
0.0038011494603647
0.0032401532015611
0.0006416338404226
6.3333693607279e-05
3.0839693933064e-05
3.8366326477552e-06
-9.8883927007938e-06
-8.8241437139767e-06
-6.9999301360014e-05
-3.3501462467643e-05
4.7681476207714e-05
-4.7437511704991e-05
0.0001341821925117
