0.0029296875
0.013671875
0.015625
0.015625
0.015625
0.015625
0.015625
0.015625
0.013671875
0.0029296875
0.0
0.0
0.0
0.0
0.0
0.0
0.0
0.0
0.0
0.0
2.827433388230814
0.0030735569510671
0.013343932100125
0.014905010937585
0.014818209277594
0.01487862289764
0.014882221484561
0.014817901588537
0.014909171075806
0.013377081062847
0.003076020801324
3.6429747656435e-05
3.0454948059153e-05
1.1697359071978e-05
-1.8591256693406e-06
-3.6968284771894e-06
-3.3190676587414e-05
-9.2866792647659e-06
4.0720018861144e-05
-3.0226400760582e-06
7.4187417068856e-05
