0.0029296875
0.013671875
0.015625
0.015625
0.015625
0.015625
0.015625
0.015625
0.013671875
0.0029296875
0.0
0.0
0.0
0.0
0.0
0.0
0.0
0.0
0.0
0.0
3.015928947446201
0.0026842192488159
0.013832388120988
0.0161625485673
0.01591776978825
0.016106110825505
0.016113086683979
0.015916056129646
0.016170609869048
0.013881113425455
0.0026452713795458
1.4502099069738e-05
1.1006064587404e-05
3.3303898090644e-06
-1.863473111442e-06
-2.3436665464148e-06
-1.3944014289951e-05
-3.8086292398672e-06
1.6685178706231e-05
-1.1962956755846e-06
2.9937871446917e-05
