0.0029296875
0.013671875
0.015625
0.015625
0.015625
0.015625
0.015625
0.015625
0.013671875
0.0029296875
0.0
0.0
0.0
0.0
0.0
0.0
0.0
0.0
0.0
0.0
3.141592653589793
0.002061221845092
0.013193856511049
0.018056993927481
0.015902340104145
0.017744985653458
0.017715435714102
0.015825124863299
0.018103727393177
0.013196704010838
0.0021479839489648
7.5300237023873e-05
0.0001033784061382
8.7788554356721e-05
7.8284307906661e-05
7.9698821803868e-05
3.1321425065049e-05
6.124142898705e-05
0.0001256462976697
3.4315449949497e-05
0.0001239065184516
