0.001953125
0.0126953125
0.0146484375
0.0146484375
0.0146484375
0.0146484375
0.0146484375
0.0146484375
0.0126953125
0.001953125
0.0
0.0
0.0
0.0
0.0
0.0
0.0
0.0
0.0
0.0
2.701769682087222
0.002825414836668
0.01265819098869
0.014287994821729
0.014167320724571
0.014254261931197
0.014262023565927
0.014162025478035
0.01430073647487
0.012738845727127
0.0027584860427842
3.5446102048308e-05
2.5929956352119e-05
8.6453904428691e-06
-2.4017795409871e-06
-2.7311550940221e-06
-3.2159488906564e-05
-9.1075215277792e-06
3.9090574260726e-05
-6.6070969831242e-06
7.3559765719478e-05
