0.001953125
0.009765625
0.0107421875
0.0107421875
0.0107421875
0.0107421875
0.0107421875
0.0107421875
0.0087890625
0.001953125
0.0
0.0
0.0
0.0
0.0
0.0
0.0
0.0
0.0
0.0
2.13628300444106
0.0019818206233035
0.010034566520054
0.011811744378766
0.011668014800211
0.011754351267112
0.011776559649985
0.011683090272874
0.011819895884986
0.010168069286053
0.0018643755532213
3.2536787821777e-05
1.5348885998004e-05
3.0658589453573e-06
-1.4998219429381e-06
1.3162366696173e-06
-2.8749291981168e-05
-9.4391359585463e-06
3.2170346104172e-05
-1.8624389706384e-05
7.0469043369698e-05
