0.0
-0.0009765625
-0.001953125
-0.0009765625
-0.001953125
-0.001953125
-0.0009765625
-0.001953125
-0.0009765625
0.0
0.0
0.0
0.0
0.0
0.0
0.0
0.0
0.0
0.0
0.0
-0.3141592653589793
-0.0002846974216401
-0.0014217834917186
-0.0017166424043744
-0.0017738973706467
-0.0017847124406364
-0.0017491856922719
-0.0016706486335796
-0.0017785489911041
-0.0014686115720785
-0.000122801315598
7.2038675055587e-05
3.7961172151057e-05
7.3820312132035e-06
-8.9214519828099e-06
-8.2551022233589e-06
-7.7182321190651e-05
-3.5845635037166e-05
5.6090104471782e-05
-5.0726583381263e-05
0.00015162111744
