0.0
0.0009765625
0.0009765625
0.0009765625
0.0009765625
0.0009765625
0.0009765625
0.0009765625
0.0009765625
0.0
0.0
0.0
0.0
0.0
0.0
0.0
0.0
0.0
0.0
0.0
0.1256637061435917
9.7602181062668e-05
0.0006022756286474
0.0007132825614872
0.0006253893318032
0.0006323620182205
0.0006736717853886
0.000729962225313
0.0006561595531532
0.000599650029534
0.0002272196066137
7.9331987516295e-05
4.4856857158023e-05
1.2002548817999e-05
-5.9870968056221e-06
-5.4055139535284e-06
-8.0583159249703e-05
-3.540528892059e-05
6.4994180248933e-05
-5.19716390855e-05
0.0001661108231972
