0.0009765625
0.0078125
0.0087890625
0.0087890625
0.0087890625
0.0087890625
0.0087890625
0.0087890625
0.0068359375
0.0009765625
0.0
0.0
0.0
0.0
0.0
0.0
0.0
0.0
0.0
0.0
1.6336281798666925
0.0013085922235606
0.0070834183898777
0.0085705181939396
0.0084400442889898
0.0085025121352537
0.0085305601712166
0.0084846803694167
0.008556436250477
0.0071651256198127
0.0012769212168349
4.0470699156158e-05
1.7408940011193e-05
2.7728674824062e-06
-2.6052084059571e-06
2.4111867670474e-07
-3.9300772299118e-05
-1.676597587796e-05
3.3445201436916e-05
-3.1634886958681e-05
8.7188021299997e-05
