-0.0009765625
0.00390625
0.00390625
0.00390625
0.00390625
0.00390625
0.00390625
0.0048828125
0.0029296875
-0.001953125
-0.0029296875
-0.0029296875
-0.0029296875
-0.001953125
-0.001953125
-0.0029296875
-0.0009765625
-0.001953125
-0.001953125
-0.001953125
1.4451326206513049
0.0011485716067485
0.0063109616217529
0.0076838949079839
0.0075585618527205
0.0076150229434663
0.0076439720465274
0.0076084709130307
0.0076657232812528
0.0063825369038872
0.0011332845584034
4.1749933484607e-05
1.5638424371381e-05
-2.5270010667894e-07
-6.0167066783844e-06
-3.2005614855005e-06
-4.4737328989544e-05
-2.1352974960593e-05
3.1016046121862e-05
-3.6475738669171e-05
9.0403159594464e-05
