-0.0009765625
-0.0048828125
-0.005859375
-0.005859375
-0.005859375
-0.005859375
-0.005859375
-0.005859375
-0.0048828125
-0.0009765625
0.0
0.0
0.0
0.0
0.0
0.0
0.0
0.0
0.0
0.0
-1.2566370614359172
-0.0010284237217706
-0.0056140811377406
-0.0068814825477525
-0.0068604438897823
-0.0069093005580549
-0.0068891452982636
-0.0067835390470584
-0.0069336001056733
-0.0056967918439798
-0.0008627406911041
4.1553206926413e-05
1.1785057363968e-05
-5.1277361120121e-06
-1.099537623291e-05
-8.1965674445594e-06
-5.0605202744072e-05
-2.7044578036787e-05
2.6027167000335e-05
-4.1885842828434e-05
9.0876132046856e-05
