0.001953125
0.009765625
0.0107421875
0.0107421875
0.0107421875
0.0107421875
0.0107421875
0.0107421875
0.0087890625
0.001953125
0.0
0.0
0.0
0.0
0.0
0.0
0.0
0.0
0.0
0.0
2.010619298297468
0.0017677147930746
0.0091632255407691
0.010888035362417
0.010744003257915
0.01082371672875
0.010849393830671
0.010772316585913
0.01088710149515
0.0092804922053868
0.0016821772459301
3.7800201707369e-05
1.8632373835616e-05
4.6380989985376e-06
-9.6119413999864e-07
1.7425013248496e-06
-3.3663719542253e-05
-1.1764594120924e-05
3.5948664003789e-05
-2.3028929960519e-05
8.1254642022834e-05
