-0.001953125
-0.0087890625
-0.0107421875
-0.009765625
-0.0107421875
-0.0107421875
-0.009765625
-0.0107421875
-0.0087890625
-0.001953125
0.0
0.0
0.0
0.0
0.0
0.0
0.0
0.0
0.0
0.0
-2.010619298297468
-0.0017850064389949
-0.0091516889026953
-0.010873935309398
-0.010801292562677
-0.010879597589102
-0.010869558162485
-0.010734180292687
-0.010926672786351
-0.0092873367923625
-0.0015580766390251
3.6959617489917e-05
1.8091633596533e-05
4.651689284922e-06
-6.0439540124328e-07
2.158639192385e-06
-3.2484518452804e-05
-1.112786602331e-05
3.5422701859728e-05
-2.2549330243536e-05
7.9550660021964e-05
