0.0009765625
0.005859375
0.005859375
0.005859375
0.005859375
0.005859375
0.005859375
0.005859375
0.0048828125
0.0009765625
0.0
0.0
0.0
0.0
0.0
0.0
0.0
0.0
0.0
0.0
1.319468914507713
0.0010613070500566
0.005881994218218
0.0071879072664879
0.0070661677953484
0.0071192875762746
0.0071483930677722
0.0071180459164152
0.0071680308553904
0.00594831069064
0.0010538761231928
4.1633445843781e-05
1.2781234700987e-05
-3.9539333795631e-06
-9.8190273466572e-06
-6.9954395726381e-06
-4.9176047861551e-05
-2.5611966344785e-05
2.7345073633592e-05
-4.0454248364672e-05
9.0819261654291e-05
