-0.0029296875
-0.0126953125
-0.015625
-0.0146484375
-0.0146484375
-0.0146484375
-0.0146484375
-0.015625
-0.0126953125
-0.0029296875
0.0
0.0
0.0
0.0
0.0
0.0
0.0
0.0
0.0
0.0
-2.764601535159018
-0.003108988193563
-0.013335771577451
-0.014873974633462
-0.014794540986021
-0.014855187235883
-0.014855401038344
-0.014782222990028
-0.014885358797929
-0.013381406021738
-0.0029751490512314
4.0496462765271e-05
3.1048473749729e-05
9.0434066422813e-06
-6.4301381366752e-06
-8.5401869360092e-06
-4.184543037313e-05
-1.4655400257475e-05
4.2202461293269e-05
-6.4886552759709e-06
8.330095408219e-05
