0.0009765625
0.0078125
0.0087890625
0.0087890625
0.0087890625
0.0087890625
0.0087890625
0.0087890625
0.0078125
0.0009765625
0.0
0.0
0.0
0.0
0.0
0.0
0.0
0.0
0.0
0.0
1.6964600329384885
0.0013729706183369
0.0073895914022957
0.0089198229970426
0.0087876193196993
0.0088524654594252
0.0088800176397843
0.008829771015094
0.0089075976426457
0.0074754963769669
0.0013342447467295
3.9633025089185e-05
1.7355706414076e-05
3.1643564230243e-06
-2.0076898831853e-06
8.6489399645815e-07
-3.7702860153291e-05
-1.5625248456652e-05
3.3480574709183e-05
-3.024166602855e-05
8.536802881775e-05
