0.0
0.00390625
0.00390625
0.00390625
0.00390625
0.00390625
0.00390625
0.00390625
0.0029296875
0.0009765625
0.0
0.0
0.0
0.0
0.0
0.0
0.0
0.0
0.0
0.0
0.8796459430051422
0.0007882816637246
0.0042033674854471
0.0050235810288657
0.0049278323082163
0.0049525964393988
0.0049831403493618
0.0050079824633161
0.004978516850481
0.0041913376158748
0.000895590112587
5.4255948632869e-05
8.5678387573149e-06
-2.1688878956743e-05
-3.5537355298722e-05
-3.4955881994212e-05
-9.1682512024916e-05
-5.7718855276081e-05
1.8320297859855e-05
-6.4408516883124e-05
0.0001198330149773
