-0.00390625
-0.0107421875
-0.0126953125
-0.013671875
-0.0126953125
-0.0107421875
-0.01171875
-0.0107421875
-0.0107421875
-0.005859375
0.0
-0.0048828125
-0.0009765625
-0.00390625
-0.0029296875
-0.0048828125
-0.0009765625
-0.0029296875
-0.001953125
-0.0029296875
-2.261946710584651
-0.0020600488490695
-0.010309129429419
-0.012139579984558
-0.012012819854691
-0.012126349119483
-0.012127768634004
-0.01194864761594
-0.012200528322686
-0.01051584437113
-0.0017659841213157
3.1821969666649e-05
1.6612983232368e-05
3.6742930032798e-06
-2.028898277205e-06
1.2948758120996e-07
-2.8421241223364e-05
-8.8820667987837e-06
3.2699538860353e-05
-1.4943135265303e-05
6.8425939431284e-05
