-0.0009765625
0.0029296875
0.00390625
0.00390625
0.00390625
0.00390625
0.00390625
0.0048828125
0.0029296875
-0.001953125
-0.001953125
-0.0029296875
-0.0029296875
-0.001953125
-0.001953125
-0.0029296875
-0.0009765625
-0.001953125
-0.0009765625
-0.001953125
1.382300767579509
0.0011026067932878
0.0060852903981128
0.0074230190696138
0.007299515669494
0.0073542145627332
0.0073832778807659
0.0073505527812186
0.0074038950405537
0.0061540572245514
0.0010915729660195
4.1795184784248e-05
1.443020735336e-05
-1.870196103962e-06
-7.7010640296802e-06
-4.8855135353269e-06
-4.6807071995169e-05
-2.329582017454e-05
2.9446892892778e-05
-3.8329166996836e-05
9.0784725271692e-05
