-0.001953125
-0.0048828125
-0.00390625
-0.00390625
-0.00390625
-0.00390625
-0.0029296875
-0.00390625
-0.00390625
-0.001953125
-0.001953125
-0.001953125
-0.001953125
-0.0029296875
-0.001953125
-0.0029296875
-0.0009765625
-0.001953125
-0.001953125
-0.001953125
-0.5654866776461628
-0.0005099978952386
-0.0026485487322019
-0.0032041078734389
-0.0032388848463755
-0.0032604117522267
-0.0032299697699121
-0.003142728680395
-0.0032644487466026
-0.002713462099149
-0.0003430762821985
6.1803764892892e-05
2.658760703831e-05
-8.6719288972103e-07
-1.4407018956653e-05
-1.3336697915279e-05
-7.3940780931308e-05
-3.7969965686863e-05
4.2232704714455e-05
-5.1187843001518e-05
0.0001318100063413
