0.0
0.0
-0.0009765625
0.0
-0.0009765625
-0.0009765625
0.0
-0.0009765625
-0.0009765625
0.0
0.0
0.0
0.0
0.0
0.0
0.0
0.0
0.0
0.0
0.0
-0.0628318530717958
-6.4998846596779e-05
-0.0002532252962719
-0.0003135514937129
-0.0003918789560898
-0.000392472238001
-0.0003519095620252
-0.0002830151534478
-0.0003755847441626
-0.0002765928505471
8.5976395364396e-05
8.0295023752255e-05
4.5796250016453e-05
1.2675963645427e-05
-5.5184176251962e-06
-4.9434833422405e-06
-8.0947571465573e-05
-3.5277153101864e-05
6.6215864256611e-05
-5.2110983817772e-05
0.0001680218355582
