0.0009765625
0.0068359375
0.0078125
0.0078125
0.0078125
0.0078125
0.0078125
0.0078125
0.0068359375
0.0009765625
0.0
0.0
0.0
0.0
0.0
0.0
0.0
0.0
0.0
0.0
1.5079644737231006
0.0011957940745871
0.0065398022118171
0.0079468335045117
0.0078198903832234
0.0078781230093971
0.0079068499688096
0.0078683714249376
0.0079297909148321
0.0066143015409446
0.0011758494260922
4.1529286267416e-05
1.6622021942978e-05
1.1576570880802e-06
-4.5150211764098e-06
-1.6990104690576e-06
-4.2707891444789e-05
-1.9527650049746e-05
3.2295008775283e-05
-3.4656759492236e-05
8.9686859706132e-05
