-0.001953125
-0.0087890625
-0.0107421875
-0.009765625
-0.0107421875
-0.0107421875
-0.009765625
-0.0107421875
-0.0087890625
-0.001953125
0.0
0.0
0.0
0.0
0.0
0.0
0.0
0.0
0.0
0.0
-2.073451151369264
-0.0018905662776885
-0.0095954423067033
-0.011348712073196
-0.011267657160279
-0.011349559855099
-0.011342016214319
-0.011204872124957
-0.01139982406326
-0.0097379873827844
-0.0016569802213353
3.4395513088187e-05
1.6440345772765e-05
3.8256291373963e-06
-9.2033718010514e-07
1.9044936870822e-06
-3.0147656822506e-05
-1.0045606529855e-05
3.3543829266894e-05
-2.046077420781e-05
7.4313899524107e-05
