0.001953125
0.01171875
0.0126953125
0.0126953125
0.0126953125
0.0126953125
0.0126953125
0.0126953125
0.0107421875
0.001953125
0.0
0.0
0.0
0.0
0.0
0.0
0.0
0.0
0.0
0.0
2.3876104167282426
0.0022838098525268
0.010998654745912
0.01272200759737
0.01258686624661
0.012670747500205
0.01268892101019
0.012599274224123
0.012728763067633
0.011112424580307
0.002179580644997
3.6809856668343e-05
2.2520836526968e-05
4.8995016917513e-06
-5.0251765741672e-06
-4.2612037666749e-06
-3.5894482792228e-05
-1.1911740680022e-05
3.8415803702546e-05
-1.1727808558977e-05
7.80849481567e-05
