-0.0009765625
-0.0048828125
-0.005859375
-0.005859375
-0.005859375
-0.005859375
-0.005859375
-0.005859375
-0.0048828125
-0.0009765625
0.0
0.0
0.0
0.0
0.0
0.0
0.0
0.0
0.0
0.0
-1.1938052083641213
-0.0010214507009968
-0.005253062723644
-0.0062741557126821
-0.0062664948977132
-0.0063089951039149
-0.0062882033879985
-0.0061817994174048
-0.0063334446923838
-0.0053612940968913
-0.0008234315680921
5.4679986217573e-05
3.12750814e-05
8.8164707925386e-06
-3.291530229175e-06
-2.4869023855743e-06
-5.3719936708049e-05
-2.2245705999741e-05
4.7235673854277e-05
-3.3248148803278e-05
0.0001148009374897
